next f
next f
next f
%*1.62   42.00   26.00   
*1.83   42.00   23.00   
*2.00   42.00   21.00   
*2.21   42.00   19.00   
*2.47   42.00   17.00   
*2.80   42.00   15.00   
*3.23   42.00   13.00   
*3.50   42.00   12.00   
*1.23   32.00   26.00   
*1.39   32.00   23.00   
*1.52   32.00   21.00   
*1.68   32.00   19.00   
*1.88   32.00   17.00   
*2.13   32.00   15.00   
*2.46   32.00   13.00   
*2.67   32.00   12.00   
*0.85   22.00   26.00   
*0.96   22.00   23.00   
*1.05   22.00   21.00   
*1.16   22.00   19.00   
*1.29   22.00   17.00   
*1.47   22.00   15.00   
*1.69   22.00   13.00   
*1.83   22.00   12.00   

  0.85  
  0.96  
  1.05  
  1.16  
  1.23  
  1.29  
  1.39  
  1.47  
  1.52  
  1.62  
  1.68  
  1.69  
  1.83  
  1.83  
  1.88  
  2.00  
  2.13  
  2.21  
  2.46  
  2.47  
  2.67  
  2.80  
  3.23  
  3.50  
